,Head_velocity_x_median,Head_velocity_x_mean,Head_velocity_x_min,Head_velocity_x_max,Head_velocity_y_median,Head_velocity_y_mean,Head_velocity_y_min,Head_velocity_y_max,Head_velocity_z_median,Head_velocity_z_mean,Head_velocity_z_min,Head_velocity_z_max,LeftHand_velocity_x_median,LeftHand_velocity_x_mean,LeftHand_velocity_x_min,LeftHand_velocity_x_max,LeftHand_velocity_y_median,LeftHand_velocity_y_mean,LeftHand_velocity_y_min,LeftHand_velocity_y_max,LeftHand_velocity_z_median,LeftHand_velocity_z_mean,LeftHand_velocity_z_min,LeftHand_velocity_z_max,RightHand_velocity_x_median,RightHand_velocity_x_mean,RightHand_velocity_x_min,RightHand_velocity_x_max,RightHand_velocity_y_median,RightHand_velocity_y_mean,RightHand_velocity_y_min,RightHand_velocity_y_max,RightHand_velocity_z_median,RightHand_velocity_z_mean,RightHand_velocity_z_min,RightHand_velocity_z_max,Head_euler_x_median,Head_euler_x_mean,Head_euler_x_min,Head_euler_x_max,Head_euler_y_median,Head_euler_y_mean,Head_euler_y_min,Head_euler_y_max,Head_euler_z_median,Head_euler_z_mean,Head_euler_z_min,Head_euler_z_max,LeftHand_euler_x_median,LeftHand_euler_x_mean,LeftHand_euler_x_min,LeftHand_euler_x_max,LeftHand_euler_y_median,LeftHand_euler_y_mean,LeftHand_euler_y_min,LeftHand_euler_y_max,LeftHand_euler_z_median,LeftHand_euler_z_mean,LeftHand_euler_z_min,LeftHand_euler_z_max,RightHand_euler_x_median,RightHand_euler_x_mean,RightHand_euler_x_min,RightHand_euler_x_max,RightHand_euler_y_median,RightHand_euler_y_mean,RightHand_euler_y_min,RightHand_euler_y_max,RightHand_euler_z_median,RightHand_euler_z_mean,RightHand_euler_z_min,RightHand_euler_z_max,Head_angular_velocity_x_median,Head_angular_velocity_x_mean,Head_angular_velocity_x_min,Head_angular_velocity_x_max,Head_angular_velocity_y_median,Head_angular_velocity_y_mean,Head_angular_velocity_y_min,Head_angular_velocity_y_max,Head_angular_velocity_z_median,Head_angular_velocity_z_mean,Head_angular_velocity_z_min,Head_angular_velocity_z_max,LeftHand_angular_velocity_x_median,LeftHand_angular_velocity_x_mean,LeftHand_angular_velocity_x_min,LeftHand_angular_velocity_x_max,LeftHand_angular_velocity_y_median,LeftHand_angular_velocity_y_mean,LeftHand_angular_velocity_y_min,LeftHand_angular_velocity_y_max,LeftHand_angular_velocity_z_median,LeftHand_angular_velocity_z_mean,LeftHand_angular_velocity_z_min,LeftHand_angular_velocity_z_max,RightHand_angular_velocity_x_median,RightHand_angular_velocity_x_mean,RightHand_angular_velocity_x_min,RightHand_angular_velocity_x_max,RightHand_angular_velocity_y_median,RightHand_angular_velocity_y_mean,RightHand_angular_velocity_y_min,RightHand_angular_velocity_y_max,RightHand_angular_velocity_z_median,RightHand_angular_velocity_z_mean,RightHand_angular_velocity_z_min,RightHand_angular_velocity_z_max,Head_angular_acceleration_x_median,Head_angular_acceleration_x_mean,Head_angular_acceleration_x_min,Head_angular_acceleration_x_max,Head_angular_acceleration_y_median,Head_angular_acceleration_y_mean,Head_angular_acceleration_y_min,Head_angular_acceleration_y_max,Head_angular_acceleration_z_median,Head_angular_acceleration_z_mean,Head_angular_acceleration_z_min,Head_angular_acceleration_z_max,LeftHand_angular_acceleration_x_median,LeftHand_angular_acceleration_x_mean,LeftHand_angular_acceleration_x_min,LeftHand_angular_acceleration_x_max,LeftHand_angular_acceleration_y_median,LeftHand_angular_acceleration_y_mean,LeftHand_angular_acceleration_y_min,LeftHand_angular_acceleration_y_max,LeftHand_angular_acceleration_z_median,LeftHand_angular_acceleration_z_mean,LeftHand_angular_acceleration_z_min,LeftHand_angular_acceleration_z_max,RightHand_angular_acceleration_x_median,RightHand_angular_acceleration_x_mean,RightHand_angular_acceleration_x_min,RightHand_angular_acceleration_x_max,RightHand_angular_acceleration_y_median,RightHand_angular_acceleration_y_mean,RightHand_angular_acceleration_y_min,RightHand_angular_acceleration_y_max,RightHand_angular_acceleration_z_median,RightHand_angular_acceleration_z_mean,RightHand_angular_acceleration_z_min,RightHand_angular_acceleration_z_max,Score
Head_velocity_x_median,1.0,0.1938414202383806,-0.06840360686072655,0.06495029340491039,0.047425663921372756,-0.023997866300313586,-0.17979782636084884,0.09236686527372165,-0.06037199681861292,-0.03435043852061509,-0.08198243480640456,0.08686852092009198,0.17527184851269242,-0.1784070349332908,0.028243772090202842,0.011769036219659081,-0.12409976397377678,0.1715422015880665,-0.06172382499428459,0.0662773374994034,0.015383767690663746,-0.09602625581304189,0.060524320506210816,0.055071689137762725,0.15609728057492067,-0.11496467403607068,0.05229413031218451,-0.047015171800249014,-0.03045477009463508,0.2001767125998078,0.12493344429230567,-0.024893302256419534,-0.059324082387788045,-0.12901468920678,0.1176878469896914,-0.08199341629158308,0.13884033797410422,0.06555806761848906,-0.013789410607411484,0.004993704102723484,-0.11549034782559393,-0.05298081504885263,-0.04764358747375432,0.03958373372763037,0.054934708968377176,0.06480210848031483,-0.005146415434212199,0.16743859558817564,0.14547668548512963,0.10686557076879717,-0.05814261492155899,0.02901176467150571,-0.23108342915522728,-0.25684177195982194,-0.01052561618850713,-0.13011700454380828,-0.06121455188638517,-0.053670371893330064,-0.31905338951511003,0.3056086005317795,-0.05785354621614728,-0.029838006812583775,0.02229863007894688,-0.015855955020186073,-0.08641997317561084,-0.1087528628397089,0.1542175031207444,-0.024209448217065898,0.11547047287995654,0.11304504511241625,0.009783960103559561,-0.04097235399500735,0.10084752848013293,0.10191682291387025,-0.060999511090467716,0.08834337793101944,0.12827437895135277,0.04494535878953722,-0.07559587366616687,-0.0024900155553396397,0.08375960826590251,0.23685175912695394,-0.0030583700154980806,0.10568814505857238,0.01761469208303329,-0.016972170110334757,0.11485523420479243,-0.09679049362754298,0.00449068879433503,-0.1648196556101076,0.07206786167665961,-0.07580415151384155,-0.11131956237608255,-0.13435046535059306,-0.021109568809839645,-0.13257964500586122,-0.12373242897006341,-0.24107756099490862,0.07971996584513946,-0.1206505115733835,0.017220848963278742,-0.12704944722832218,0.05941137451479335,-0.0954731417866591,0.14858785578176692,0.046758566492259644,0.0900001418744584,-0.05819306260796594,-0.18399864887747563,0.18389473963475808,-0.020772413735376298,0.12553507516767276,0.11152478857130829,0.08465379606895698,-0.08038002064174662,0.11758494633449305,-0.04761569037652246,0.10971602798109438,-0.06820878624282815,0.12216480496764608,-0.18273828995160776,-0.17360799974933191,0.10352640395097043,-0.13885312863114344,-0.10093953347754639,0.1928044293320167,0.0760856203570859,-0.007680536850475016,0.18409884947302105,-0.17236978774798792,0.05368641759959571,-0.09939827045727201,-0.07916314578676104,0.15152764359221232,0.11024589712646615,-0.017229785921674488,0.008262419646148907,-0.10669062139873008,0.01679514804126623,-0.04785828225908507,0.09478998438517691,-0.10993734605645455,0.0070527018569963434,-0.07068883356532261,0.03598458675020446
Head_velocity_x_mean,0.1938414202383806,1.0,-0.0370635489958984,0.39732451577467237,0.0829584403147681,-0.14776070107611655,-0.2611006920880735,0.243037593614504,-0.05034131440020886,0.004868413987194171,-0.3281839733313284,0.029284992175438347,0.1755983281742174,0.4421529560802241,-0.04346865535158444,0.006688944291470545,0.09743801002905339,0.12307764006121293,0.015350704878080634,0.04906509625659604,-0.09651389345927427,0.029693487542262306,0.09071869568810871,-0.02310298919212609,0.12642654300727868,0.4287468688947596,0.017953510269162063,0.028351483925997623,-0.0006292059492615899,0.0742347944018683,0.04749508931805648,0.03975610483380418,0.00668726245465351,0.038976490580569643,-0.08953793379740482,-0.03140320339508885,0.12221932926822461,0.14289757211324713,0.08793085242378844,0.002785753055746845,-0.10883413520822822,0.012017966857475583,0.04277646313633066,0.09303666158029072,-0.07994452299386084,-0.05849623025419502,0.03868854307381278,-0.024725071504163545,0.006181561382074094,-0.05959487482150658,0.08396060881419798,-0.12644454698228638,-0.0925442405314186,-0.08602722724104839,0.013376284391438032,-0.10483194458672206,0.09526765134296591,0.09214439187945143,0.04175795912265251,-0.040114963724780135,-0.08504715126152679,-0.07033623647014944,-0.03659255968672722,0.020819877414171673,0.03803951052297447,0.08577824654246045,0.09166337853937878,-0.009264265363331203,0.02215190723514899,-0.02527335583674361,0.0018752656354543912,-0.02776173026641169,-0.031454578143445,0.01424764996541871,-0.15420331735784845,0.32356837433383506,-0.08004859711247861,-0.18375271936708718,0.012515109105287147,-0.06169295044170489,-0.07127452083161559,0.05061961434480085,-0.1271384614173164,-0.0036535664536112445,-0.14773045326500742,-0.09216438324372123,0.09399834015989232,-0.05084951059317445,0.014879962022299064,-0.1452038076604038,0.06465847518667604,0.00936918450789338,-0.0357783576518085,0.05352404432168436,-0.04943770773969665,-0.11441282586498579,0.21841476507801819,0.013694551405538954,0.036448489273013696,-0.07884614492107003,-0.14346268342682983,-0.07003341551095356,0.05578504479937218,-0.08873394181719749,0.058481884742794026,0.03003901846277519,0.07564765604964015,0.03899444124568971,-0.02506566767422906,-0.007199703552798856,-0.3289650134910556,0.38700818670012366,0.15727339959852848,0.06461944508817793,-0.0013041873225396493,0.036018927037414196,-0.09721333216909359,0.08979101599733852,0.02284410149043096,-0.00682666988823217,-0.11547890820136969,0.13646205582634235,0.09852206916494487,-0.0625927712078341,0.026016855852919487,-0.024959742190150333,0.020016112736871733,-0.0204672585433213,0.043926681552064965,0.03219788792693944,0.013232655620482935,-0.027822336442556626,-0.08256342178827898,-0.13140298679762258,0.006597684480462425,-0.054587806091683906,0.12576193898108026,0.10643281637809925,0.03319477965745693,-0.028314389075581713,0.20055787526958363,-0.06700910092401986,-0.022835186505952454,0.017135463595012255,-0.03575152351276818
Head_velocity_x_min,-0.06840360686072655,-0.0370635489958984,1.0,-0.08694379610002183,-0.10457994796006242,0.004802263219837267,0.5613297864055653,-0.05898456441096654,0.032710553634290304,0.11009386061417788,0.18667443848995194,-0.42989781347626943,0.07576860868089964,0.07901286380879032,0.2857348888415042,-0.005417415775581403,0.09701936472200133,0.005178892146760651,0.0005249633143899603,-0.08290549874775044,-0.05495526027667484,-0.04721754312405787,0.06851641433295605,-0.19726347015504142,-0.027800633369805042,0.08545266703699654,0.6200471568209247,0.026098372208405066,-0.0522049096014408,-0.028334285812657685,-0.012758939809786301,-0.08387786897667719,0.06911744888388206,-0.025559162384963634,-0.02910433558396554,-0.10395639440512829,-0.0682060998581512,-0.05048408058022508,0.10417771731825039,-0.10727614394654365,0.03145341850231993,-0.004345239204105798,0.09312830161478829,-0.03996636649890958,-0.042402797791722034,-0.06379359139098961,0.03174831589884921,-0.06233458076579959,0.03254266096531514,0.05538879267164196,0.008150840443790091,-0.028017549578421484,-0.09929609125437831,-0.06177236908343629,0.009912041838488768,-0.11498610050098888,0.11390391624732822,0.06111891330795091,0.022230896031253382,-0.020174229864368204,-0.016386969895310997,-0.01899503066026396,0.02262203340090554,-0.0028022786283445292,-0.0516755258312745,-0.02545770161508532,0.03706859922756081,-0.09172554241452209,-0.11132897393848849,-0.16099110284386,-0.14915124019779266,0.127052568445078,-0.0719906036610393,0.19909405761907464,0.24262467991136066,-0.4834929212612544,0.05350156248958264,-0.09126310662645912,0.521126602872945,-0.3913252537812022,0.07786588018384638,-0.12044121656100545,0.2641144323061543,-0.4908910356590242,0.030215203810389387,-0.07119681713411691,0.016463797080617824,-0.01478654349835604,0.041033924067659884,0.3306530155721654,0.2904508385482215,-0.05338018108191132,-0.06284462636078562,-0.019856754324031074,0.09712708800981043,-0.11195362629231895,0.03320136528825231,0.06020593421655914,-0.009186897708043146,-0.0017599049961966463,-0.10869435628611604,0.006975684401787712,0.10050980150266797,0.037596218016877986,-0.014036471626200402,-0.09320238714907855,0.16972646914044057,0.020199718765474627,-0.00850299218680081,0.059212299293973335,0.4357295110863479,-0.4651341954640405,-0.17246407437803807,0.20163461582343242,0.5368776321965242,-0.514357226195238,-0.02278589265555997,-0.012894281431026808,0.43935932895399676,-0.43719909762831094,0.047690291190173,0.020382875561473508,0.04949039210884819,-0.029248006184389153,-0.030123114555973437,0.07053291403532846,0.25130191650209466,-0.21863747701500338,-0.010131668639666039,-0.009443671419828631,0.14411782842247522,-0.09415443668463506,0.01734297949815251,-0.020577715373745985,0.04311236096263528,-0.007721026595915495,0.04511885896541488,0.05215972755921089,0.12092600229276201,-0.10256633119170629,0.07567656729739244,-0.09160182141930143,0.15574712639877297,-0.19073449901414508,-0.12260609631604526
Head_velocity_x_max,0.06495029340491039,0.39732451577467237,-0.08694379610002183,1.0,0.026006771116923132,0.3963647415722222,-0.46145295400414243,0.11713249783300453,-0.18447153422401838,-0.4899369253806167,-0.8189530750326578,0.13897396232064965,0.14797417181816003,0.10699354953230707,-0.022065099648391377,0.013854756374295313,0.11043446585299967,0.02559843430471498,0.006864203234376562,0.06965094037652034,-0.09571910541022947,-0.294750929238806,0.010049775041979148,0.009277560538483835,0.118460441380251,0.04277149491690612,-0.02260290745012551,0.001661789490113163,-0.0023572762235339584,-0.058155725547131276,0.01218202670324474,0.09926374832854008,-0.025096885990099006,-0.30952621529436175,-0.0016977054464962494,0.016296540323173538,-0.11529373576800844,-0.018300816884882512,-0.08633855352050888,0.11054572349495169,-0.028697353002380233,-0.04992370623649291,-0.06119676031852597,0.06259197395699309,-0.02826989111364967,-0.05425457398575478,-0.004447533849996234,0.018360421923624314,0.05524185388066607,0.027723124705717087,0.014893817825204667,0.004523442404787745,-0.011686816825548247,0.022996330055110474,-0.0208387580802194,0.054423238634889466,0.02846229035573583,-0.02778730601979255,-0.0005116184847679034,0.0048501368711076865,0.04029536300090212,0.029252280714726773,-0.030377413679649714,-0.025630390113065053,0.0677516688415067,0.03742449823151693,0.02732547050323487,0.07679021581760243,0.08703113476849607,0.017551570671086685,-0.0043315697771004365,0.020828269808439853,0.08317403384946848,0.22778207569545716,-0.1279078193769511,0.7635906996581777,-0.10415127554924579,-0.22709381140209353,-0.08295181357143949,0.09217561787819477,-0.07210505614841048,-0.12268868685200246,-0.18728701892890126,0.10287286272564039,0.014790280360222237,0.0761092188992742,-0.05913236496567164,0.08101334251181307,-0.026836991421565162,-0.260534705676456,-0.014388190062390758,0.020708289040813607,-0.1492451604151502,-0.16532651415557997,-0.029092889559366546,0.01599551818386961,-0.021323077447631875,-0.18182497029965858,0.002253054068346226,-0.035062244211052404,0.049424998170310354,-0.13952083644467386,0.013436338711608316,-0.016043657260987786,0.014727101254399116,-0.13304127481167696,-0.05015186342637211,0.03376082018671592,0.0715395752281045,0.027514363836981262,-0.7148837242326357,0.7741903145402161,-0.019276700695261214,-0.06005624562025898,-0.1241119479803787,0.12629824454817487,-0.09997345962596836,0.01741119296894699,-0.11611584427579404,0.0885808520632449,-0.07376636263728209,0.00540484876037541,-0.01846267388467268,-0.015156965191909767,-0.010988150620901247,-0.040367663720861605,0.013792816311712544,-0.020686416788426077,0.09466767776872065,0.035104139139866826,0.01395814837045749,-0.00021049419365184465,-0.03043420523402304,0.008694272713482878,0.04204628693650006,-0.049148735586092326,-0.002645845386295866,-0.006486196195885363,0.0035502613082477614,-0.028730298802159635,-0.03286931286749578,0.015164142845623226,-0.02182852740246176,0.02447992520296373,0.09173282166752295
Head_velocity_y_median,0.047425663921372756,0.0829584403147681,-0.10457994796006242,0.026006771116923132,1.0,0.06435245207154772,-0.047896884450800176,-0.02234780284217708,-0.3578317693518678,-0.10381851479613546,-0.07407601146627615,0.048330408057248544,-0.021480466459155214,-0.013229807445101202,-0.006027469933611117,0.019839661076036456,0.3653768229548355,-0.04552929085167351,-0.03552369083012323,0.04794611693586467,-0.1254250964932448,-0.022569576312641088,0.04672404606728279,-0.012245576660461206,0.0717977084137433,0.0041982175457052386,0.0321427991896226,-0.09948706757754594,-0.1569127227367747,-0.052031140925921156,0.08143144361193921,-0.031499190477881786,0.016794499088339618,-0.05226867527986069,0.08835687104606843,-0.07950619640882067,-0.04688298366257388,-0.14949593203809586,-0.09593717630245949,-0.12665516305032412,-0.19166169379254913,-0.2330768868814836,0.04949788019084106,-0.11255812368782178,-0.18571992151740946,-0.21133988559853675,-0.04691186075118116,0.03493404795979567,0.07294968578432086,0.1814052964190472,-0.07036108931038347,0.014187833109644504,-0.022164490003400334,-0.037365267452440266,0.06119926722010529,-0.06948914342799666,-0.01793647212557934,-0.01957611774480779,-0.0633715182774722,0.043117173263278824,0.11058741460949394,0.07179338108363574,-0.09289305001143976,0.10803276009159726,0.031873068240302824,-0.022613912486373032,0.20386306698214746,0.01837164512011974,0.12929541656412205,0.19214652718754477,0.12184895028963749,-0.00035069023511966166,0.16947061419600584,0.0058052557197939714,-0.2643337795447715,0.1807413257716372,-0.1113181964928045,-0.005029443242402026,-0.11697749326991136,0.18576063196108952,-0.72301801178446,0.05036979202933822,-0.05638735002035596,0.12089538657738962,-0.09177385290325096,0.038634461079976805,-0.008849158049053805,-0.12609242592738526,0.15008088535673877,-0.021433102201587707,0.059856287623190486,0.03733477458852772,-0.004196061115850941,0.014001568839051562,0.047688699437698205,-0.143075735266306,-0.010994011735253264,-0.08619516364426259,0.064716548467061,-0.07799039784477614,-0.10366294473947502,-0.015366574812901847,0.09585985291469967,-0.13319994725874765,0.09370513872197145,-0.17971530596607801,0.07067781766057694,-0.05432135004222338,-0.10693324789369171,0.09862737531005314,-0.14592559660151805,0.18170041908051884,0.03388519177142183,-0.03605287179950119,-0.12580685830244298,0.09789672851111948,0.23928614509045965,-0.11475239644910012,-0.17201643805126665,0.0827075529059883,-0.15742609970769247,-0.08838684558821659,-0.05948441654116726,0.026855046497449134,-0.025110583726654895,0.132153198195952,-0.010889469353103485,0.052074568217900796,-0.05021030409920309,-0.15643773741744496,0.049433158687451614,-0.10667116923583689,-0.09332834710139655,0.0473033640015426,0.05482944153541387,-0.027171969606260577,-0.1121938333943245,-0.04405412979911085,0.10224022038375727,-0.09431306060889219,0.06343137142835473,-0.08756196370024008,0.02922579466491355,-0.0415168571594813,-0.1209137364677742
Head_velocity_y_mean,-0.023997866300313586,-0.14776070107611655,0.004802263219837267,0.3963647415722222,0.06435245207154772,1.0,-0.08199500580032035,-0.061850875270231725,-0.2170561184645945,-0.44588839422593424,-0.287316663268793,-0.010486438589924641,0.11850725181982905,0.023229492884256072,-0.019414606177225537,-0.009103263678984046,-0.02881214201959576,-0.08318634664096179,0.018764009971156383,-0.0660242768405779,-0.10062033431101276,-0.18311731659935582,-0.022740209863178984,-0.03279651703224636,0.04002408916211038,-0.034951187626331655,0.10144518747922793,-0.030947793103233496,-0.06978059739971879,-0.05913717301663677,-0.03886562421378769,-0.0663963785338224,-0.021420544487227196,-0.1981301320231773,0.3687736096990408,-0.07829892762336195,-0.20911985242929482,-0.20728214576830112,0.039700668678916674,-0.061009739364461794,0.03533228476861787,0.04708088400727863,-0.02761863947407841,0.10525357099689168,-0.02723899572591043,-0.0464092036082132,0.023823428874933408,-0.025690191454520665,-0.05066982680079707,-0.023222890577290708,0.058714678725451205,-0.03046803444314426,-0.09223450409073196,0.009291180414373634,0.026689946910544673,0.1009827331370414,0.06379907488609594,0.052746774613369296,0.04627615452348095,-0.05502640831663136,0.016113188657403438,0.025354831732938718,-0.01510132678743338,-0.015531914397133223,0.13078485554128996,0.007814496743916837,0.017415921084832628,0.040962968305267224,0.0737947380378144,0.011522344041503808,-0.0067160797300292365,0.1048562848502223,0.15779847343762238,0.15724443645697828,0.10821559107952947,0.24849419629467084,-0.0773641076769704,-0.004805786252346612,-0.04530013170173108,0.026011139518572635,-0.04018228614321724,-0.23628515457501667,0.13461978975560263,0.014982387250678806,0.1540530195252728,0.13139821773786184,-0.08840234207875342,0.09496359032275015,-0.029640892177251164,-0.1067824202246018,-0.06520054913732273,-0.009914315498415873,0.10914935478734043,0.19316786879342618,-0.04860870094296689,0.13805604036636007,-0.10593823829682135,-0.10417078018282168,-0.017075104519396,0.024567290171417802,0.0012573949922094557,0.04746009950288661,-0.009259028718056199,0.02824959862066182,0.018197260383114918,0.0016455720468086228,-0.030442140904068788,0.08253618944057532,-0.07166809575830668,-0.04971086041993805,-0.2295474722103554,0.20272869986925224,-0.08334903391460523,-0.012353349678030574,-0.03336646942802894,0.015083016551306951,0.007935018624473563,-0.10831942326709029,-0.06424942305298025,-0.0069853195453753215,-0.04989279418652385,-0.040979614836970074,-0.07166139050563348,0.05264394949626501,-0.1166463480434712,0.08216380959419217,0.004832681002846019,0.03641387376199359,0.13020830577179332,-0.11085426041593491,-0.09917240809416113,0.07373907410404808,0.18251196504524614,-0.03443749958365308,-0.0936554879566355,0.05427854302172881,-0.07862833174373648,-0.18438255513064575,-0.03681330795788453,-0.03733126147217117,-0.052962279095452626,-0.11062640258594529,-0.07380025093210048,0.018682807388158685,-0.019767185551646513
Head_velocity_y_min,-0.17979782636084884,-0.2611006920880735,0.5613297864055653,-0.46145295400414243,-0.047896884450800176,-0.08199500580032035,1.0,-0.2919758717810064,0.03861357451690652,0.3055699720064739,0.36015665822754467,-0.7135994388469469,-0.08570059874129789,0.0016695261421020898,0.09328121722597107,0.014303428410488534,0.04676637419972415,0.013357052914170036,-0.021237835379132534,-0.03515017528952372,-0.062271780979860476,0.0729358764528612,0.03418084483540074,-0.21339595546558657,-0.06655226156775486,0.034363084385434055,0.41144943283870333,0.012824361403607525,-0.04153562527586627,0.028726972150804157,-0.004953909424534044,-0.05777998897089675,0.004282533450858692,0.09990660529583334,0.060869464874442544,-0.010888186805433936,-0.23297881726000094,-0.19199876204524102,0.04729013211421974,-0.14747554064353904,-0.050646764495101415,-0.02283471117641475,0.11041562621846858,-0.09960894946534792,-0.09841594144845711,-0.07229593432770764,0.022260350114432764,-0.08302149466149944,0.10919153412898588,0.11898107236092095,-0.002411925675898556,-0.014694582952338208,0.016822877970019596,0.03541358866015776,0.07475115873679883,-0.13056051306202465,0.07376080011265934,0.06781600914517417,0.055854115576434105,-0.03714977031361447,-0.017550520224841652,0.0469722130390991,0.04559225970876019,-0.034700269629961006,0.07310463597182441,0.05980364404241848,-0.021357678897646004,-0.11165909824994212,-0.12487404754603325,-0.07038374302558244,0.03517543477088145,-0.06650193741260572,-0.08485012645051325,-0.050828179635212606,0.4822562022841562,-0.6264443634638305,0.16158577234497754,0.07172152949951319,0.7850427716874272,-0.6523404565815681,0.08861532323412069,-0.0801535449343236,0.5788535154743414,-0.8255120365624437,-0.044208448898172416,-0.10480880175969408,0.012050902961746388,-0.05702562660314665,-0.016965857408103767,0.1491887991894107,0.18605649513911363,0.01070359852830657,0.024614469754336177,0.06575766886080735,0.09569429397339373,-0.04044158119399117,0.05925987598244529,0.14042877801815654,0.021780513248070406,0.024344325883985055,-0.10792922993668108,0.07488670049971217,0.0811813249576653,0.025140756674012926,-0.022485485042110804,0.030304053209033212,0.02770878083509516,-0.02311371866584409,-0.1032772355191999,0.11968089490953568,0.662844855017052,-0.5925430045326103,-0.06027644447300594,0.08334245155502931,0.7715922391865382,-0.7579703730447797,-0.038218207056811206,-0.08683060774384481,0.7087006553631784,-0.7732050516414815,0.11806333513849734,0.07984535096473068,0.015840791102413158,0.0282435003382316,-0.05000223325893301,0.09923254285015225,0.10920810935856369,-0.08573860339093686,-0.014817354709717245,0.0401566169799267,0.04261890302793072,-0.014501580010054761,0.0012203143410469783,0.005931316131326816,-0.010335916880944209,0.020458904782782554,0.023860225433621225,0.05592046158999374,0.09484358713777091,-0.06378977954162071,0.012581592091849773,-0.1009758942746665,0.044806731058055015,-0.1158386679490622,-0.12747616988246582
Head_velocity_y_max,0.09236686527372165,0.243037593614504,-0.05898456441096654,0.11713249783300453,-0.02234780284217708,-0.061850875270231725,-0.2919758717810064,1.0,0.10447605587618425,-0.11767494719027714,-0.1784307647247673,0.17813278622560674,0.023607470400721812,-0.0873889582629353,-0.12613204768760117,0.11344381063436886,0.025226893200272344,0.17276048898658278,-0.06200442772312397,0.1967456631258942,-0.07568964385031052,0.08366351435426858,-0.0921254780343881,0.07431461838786341,-0.052093084691279934,-0.11136124288894556,-0.1306574304375344,0.1882036568793933,0.008216074781301819,0.18707451098401695,-0.16993279753317328,0.21964118231206461,0.09799929958315327,0.06671092396884118,-0.18533387199246915,0.0360911481779822,0.29234414732647485,0.271768450605315,0.059501773837266236,0.12029439729347507,0.14337015622991653,0.083710541015471,-0.04760320364575299,-0.23130577317025333,-0.009268578239880317,-0.016248884564674215,-0.04024057189576919,0.059617909313769805,0.03123647000867668,-0.05848803622379429,0.035850270653523385,0.0020386530875133656,-0.06140601219452037,-0.1165594572192932,-0.12740567637477848,0.1170552860393445,-0.0081129921673882,0.0481278270065478,-0.07133565937838349,0.04158686483254548,-0.22827802558536575,-0.25407399573726014,-0.07199152759493159,0.0876772710460106,-0.12630600687925403,-0.06434909769597223,-0.02977259713080298,0.1594819997317073,0.05203665882585542,0.036062263782274215,0.011531073025986856,0.09054473968693028,-0.09006120684795281,-0.08643069751541722,-0.2982770850827457,0.14816660097555967,-0.06223484210026558,0.01505969439368806,-0.020227284746165333,0.1511475967991816,-0.020134144002241484,0.1157818961399132,-0.4186319290729366,0.05941755605290485,0.07100793104193079,0.04875428155684084,-0.05646278023663012,0.03026287687529103,0.08200264772257647,-0.05934039817544998,-0.11206203576319396,0.09679408393575076,-0.007192779884527684,0.15568243667239648,-0.23920462709883453,0.11788233312583973,0.06273198927373584,-0.06594810280373764,-0.16872688752398574,0.1347452809261829,-0.0030731316482492375,-0.035507552613963024,-0.005752762989859091,0.11195767233272741,0.023479736722515857,-0.1465091616718891,-0.09894060743640365,0.18694986707771907,-0.01853984325577965,-0.16483692826742027,-0.20024050236472904,0.1610675369008879,0.14302781031847034,0.07311015614821106,-0.028261593941207707,0.09122502159714341,0.14975584543530562,-0.3269622133025253,-0.3019313193583697,0.031193442393294628,0.11141504656904297,-0.06728108420177611,-0.08380377860266318,0.050480975918039045,-0.09061740810074896,0.017967854203137082,-0.07797862483011266,0.0814619694008163,0.04914800122392141,-0.09598299763929333,-0.18095045803757823,0.1498687579527617,-0.020559068744972528,0.009368584322967166,-0.08424713157541074,0.09971776464038191,-0.06715431455945396,-0.07885660345640272,-0.019169994656861877,-0.015231226998767312,0.21135655018188287,-0.09499989695141567,-0.2363109988142289,0.22026270981881882,0.023245322081127687
Head_velocity_z_median,-0.06037199681861292,-0.05034131440020886,0.032710553634290304,-0.18447153422401838,-0.3578317693518678,-0.2170561184645945,0.03861357451690652,0.10447605587618425,1.0,0.3760416923343277,0.09771126954405072,-0.04450535424947298,-0.09886828050055428,0.05052351310544673,-0.07824127706917695,0.010893828546836255,-0.150186438693916,0.2601871793678175,0.05133620517295663,-0.0023935477302479548,0.1878904057152047,0.254118386673238,-0.08802929501422783,0.026849379604165016,-0.16156179568779397,0.05613735048258646,-0.11076185804615354,0.151222128766598,0.22567715791095375,0.1585417364553132,-0.11786478075422747,0.08103089847162372,0.05318764041694707,0.26775832580291686,-0.15013923125058112,0.10034388413797474,0.22554933590697876,0.22815250764916017,0.11414203734977303,0.11010484572721084,0.040808507796704196,0.05867368877678963,-0.12272191322706583,-0.005733069228374558,-0.04500895794172226,0.06938293996338503,-0.17271861410903233,0.16285235827725733,-0.0244032134942639,-0.020381963846077013,-0.09197556558309221,-0.010191627937515824,0.02719256742000864,-0.06224291739223654,-0.02319678861827525,0.1254212943877047,0.021797563740783083,0.07827885807748551,-0.01903572448762637,0.023302374012912977,-0.2440834042990141,-0.26464269346796987,0.08958498497042332,-0.08835591362713492,-0.0765480821178627,-0.024190461292613395,0.2032336806046219,-0.13349724383060263,-0.05107399143023095,-0.0008664564401217739,0.18564333675571318,-0.12131909655169479,-0.09165929294362984,-0.08298171453043572,0.1308204992234687,-0.21599388593158175,0.0066557802971481585,-0.09674469021468295,0.061731779686278646,-0.046997989708248894,0.22234360302696626,0.10993493337103254,0.01465947926532864,-0.018873215728981603,0.240516252973214,-0.0666933281669798,-0.060421796271257794,0.16318823419805384,-0.050175547802288355,0.1262389735007003,-0.14350587020314556,0.07680721913196696,0.0839811979444503,0.16874503012998393,-0.13085125687602953,0.18620855835681688,0.23266289838131488,0.3213530688277188,-0.15203628769837405,0.10451148935686418,0.019712336051866883,-0.055866684714399165,-0.1302304278922037,0.15102381408745585,-0.14196041920743432,0.020536537863335324,-0.09885601624578257,0.06439662843662454,0.04440587865065328,-0.024502266344056257,0.207668324236186,-0.19989864621487724,-0.194271799929523,-0.052257548648864574,0.025623959063345254,-0.01122392922163767,0.09563176094051998,0.09802421301900541,0.007765612147091089,0.05604841447238001,0.05924851116101871,-0.11911939269820637,-0.10998394815116372,0.0683821802609356,0.22185023156913428,-0.007528959871006424,-0.0990760943223241,0.0939523725765878,-0.002107545293584483,0.018930371308245188,-0.19066651220235678,0.16731475879442817,-0.054712557198640786,0.10763386949444483,-0.09979034390899226,0.15685114677523623,-0.024072797936037674,-0.07843681906714561,-0.15791096838216478,0.1525120028965635,-0.06540220706240571,0.0011863199427602335,-0.1265540738035554,0.12410002642127219,0.07664748756177112
Head_velocity_z_mean,-0.03435043852061509,0.004868413987194171,0.11009386061417788,-0.4899369253806167,-0.10381851479613546,-0.44588839422593424,0.3055699720064739,-0.11767494719027714,0.3760416923343277,1.0,0.36053974473761236,-0.0809766806228219,-0.19553879964500706,0.09552438777750434,0.07946270532197829,-0.008031207979806571,-0.1330516029037491,0.1277530827908733,-0.01090291862879759,-0.045850690840463726,0.049939820226078756,0.5338875065102843,-0.003269104377565383,-0.09400582945834875,-0.10600845311006057,0.12717337469129836,0.006809232734827447,-0.0741801619815988,-0.018161998943629343,0.0839934380303547,0.010348312081984935,-0.057001541646560315,0.03793366351600493,0.5459005039276226,-0.12622078950249457,-0.08529582786827775,0.18722833202848824,0.0910208833141354,0.21384605294875267,-0.13268060877038187,0.20318324121369455,0.09816262980463608,0.19114380777801612,-0.03823977992667225,0.046594520882186616,0.06534443223643337,0.02422888795138461,-0.023216152876383386,-0.09371408070799137,-0.10796204271643516,-0.15775465510978712,0.060911020419318264,0.024666919758478616,-0.05604814841186637,0.10195198420473708,-0.12546389222973378,0.11409393324666306,0.12486743305999137,-0.028305245414614457,0.058928084774602076,-0.1612448902199959,-0.24218685768591405,0.0275854372207403,-0.0117393786450154,-0.0629529686051966,0.020183776501394884,0.10043022680907612,-0.19732144255813383,-0.00330195957655569,0.06684624101140385,0.12965556899497033,-0.17692029528220396,0.012408940797046691,-0.14368076155772957,0.05878941944144696,-0.4335576066028052,0.018052744258296432,-0.10929457201328124,0.11461098083991264,-0.09731643769043795,0.07449273968995702,0.134116084877575,0.20504762446903624,-0.1499561269088449,0.0029484859352653108,-0.15246895543154318,0.0924827708532559,-0.02350181217338295,0.009584817643140574,0.2451131747170738,0.10044787712615069,-0.08154620906808019,0.22569997961434088,0.1316289000751667,0.12251331704479339,-0.056962073039429656,0.29765098278659186,0.3329214727693082,-0.05749294580201679,-0.005392841799588696,-0.14507372139823216,0.1250400654347928,0.05254969651213629,0.010465702235554174,0.06500915171301919,0.09126469386604034,0.033949113368342436,-0.1388043408150203,-0.06560370953281539,-0.05368811146244547,0.4218572876244527,-0.4329892808202184,0.033495009237010404,0.009158401764419545,0.07786248212559185,-0.09728886984286493,0.001280704444350612,0.02836252449413944,0.12926520630673463,-0.09004684918507716,-0.08910252795607856,-0.008464568140425883,0.0633650271412692,-0.02217109414959245,0.13885311488562277,-0.014813369635322683,0.09364662820041807,-0.1084705231718801,-0.061879079244486615,0.05048944495782491,0.09244150850588927,-0.06664748879798088,-0.06687682708816545,-0.03470355287771081,-0.007383605942175904,-0.009200018820633439,0.07820021037971153,0.013464530218652496,0.04627929649903619,-0.02601084863076543,0.06390082635730283,0.11086312510469988,0.07850528269946325,-0.06027762087144971,-0.14049320416813502
Head_velocity_z_min,-0.08198243480640456,-0.3281839733313284,0.18667443848995194,-0.8189530750326578,-0.07407601146627615,-0.287316663268793,0.36015665822754467,-0.1784307647247673,0.09771126954405072,0.36053974473761236,1.0,-0.2267291760242223,0.03457439474074021,-0.0861002148457684,0.12850236124404416,-0.09987956485924734,-0.13852492948133135,-0.16124093120989383,0.01869212285090227,-0.3007974523671208,0.07462730173512984,0.1188683254432087,0.0888129958540915,-0.13449755252431594,-0.14624791724644992,-0.02813175844226889,0.04778309644968952,-0.11316971068594435,0.006677182453299387,-0.11729629573943308,0.04264010984652112,-0.3331879406754026,0.03053224715648551,0.14278433970773557,0.03210718529675035,-0.19501481973894114,0.1566922559414378,0.11590099055992881,0.11634686988146933,-0.03875683129948194,0.04223732021854803,0.0005747416483997405,0.09966349104158101,-0.02906007111515614,0.030471966542073306,0.07737233128903702,-0.000601422769305768,-0.0533415651284776,-0.07346258990841044,-0.034404620666940715,0.005056294848946704,-0.026498216416121507,-0.038934699440814936,-0.032152049049140576,0.04588631878817294,-0.09034053563884702,0.007308322799170373,0.06737027365565254,0.03728623479259517,-0.036959016534071486,0.05409342353224335,0.11464032533010589,0.03322415975928211,0.031599405207125016,-0.073345028955893,-0.05756442279185054,0.02190896933971566,-0.140498500585752,-0.10798226760096008,-0.09605581361062648,-0.3784096438326478,0.2594133791639794,-0.03136532335804694,-0.24692050995955186,0.1393597843171385,-0.6192427420599702,0.015721035946085645,0.07881515540935471,0.043515163959035805,-0.1296853782713311,0.12194628956020918,0.10265052757560243,0.1250083581226223,-0.08730683548626166,0.023244494728215697,-0.05708708167755475,0.1127547650326581,-0.11760952897141777,0.030677582439875402,0.27847818770504673,0.09199916044032017,-0.14457951574882788,0.12814008947756245,0.02884810754901225,0.16172086007115546,-0.08221427539954006,0.02691952602119411,0.16604331062518835,0.0015896856184793565,0.010282171309391646,-0.11260390991906274,0.06568073705519423,0.03360879180812779,-0.020167097536205804,-0.025679151703927844,0.10068735637109087,0.21129366196923388,-0.10364616493720584,-0.06602648018192803,-0.025679112432993905,0.6182737047338558,-0.6781461141723053,0.023463290286996303,0.023457088897308975,0.10847211476541051,-0.13994885822265163,0.06718005616027756,-0.01007057754496312,0.0945799293806395,-0.04179824343302484,0.06876134340373781,0.006925459882489428,0.09401082821095637,-0.05567596077381313,0.0764033184716915,0.031059521556345584,0.10470943755226875,-0.09635045983896089,-0.11571965977971647,-0.03373923542121017,0.10533346662113141,-0.13402110451417606,0.030482428142509423,-0.02560925842542731,-0.012574324873178682,0.0011726846624927638,0.01918219468156613,0.05435094417339241,0.05766056317787055,-0.03460768330641629,0.05356567366258162,0.013313862299432622,0.17199750374039832,-0.17597911253219584,-0.10102959210244428
Head_velocity_z_max,0.08686852092009198,0.029284992175438347,-0.42989781347626943,0.13897396232064965,0.048330408057248544,-0.010486438589924641,-0.7135994388469469,0.17813278622560674,-0.04450535424947298,-0.0809766806228219,-0.2267291760242223,1.0,-0.00976167780577981,-0.0411129835048606,-0.12268290865536796,0.10588901543450394,-0.06300980004362634,0.008235390560565471,-0.042391256757488435,0.24473205786315816,0.14745157800735273,0.10131029251021315,-0.14582082686639875,0.3173788340781873,0.02620652416531608,-0.05000895336523758,-0.4058363650556752,0.11475786238763235,0.013511066741676557,0.05265143659138934,-0.10208434070715813,0.2988845611783612,0.01439930745528162,0.09347426102173845,-0.10242113393401416,0.1345397354486782,0.029466536124642572,0.073436750095649,-0.13944169674876167,0.1670923733776083,-0.029358428757159764,0.0658445773364055,-0.1425266457924328,0.10107957984147323,0.22266530587375014,0.1638985237726857,0.0189602971474136,0.0749049657923334,-0.16642678257091936,-0.14410819633030708,0.17665364307265177,-0.13630688659396661,0.11262353253808373,0.0447297703395677,-0.10954947523018906,0.1040519816099049,-0.07453321275812871,-0.04321488058652609,-0.022467085714372722,0.0229969178779829,0.023502152593054715,-0.045331146886412904,-0.011688813612912786,0.02009997991672514,-0.14090823496359142,-0.08294763883352473,-0.08184252102569416,0.11432770353247845,0.04924727686864954,0.038047606526760556,-0.02138403018299308,-0.044770754618103,0.0832805901604018,0.025746064505334704,-0.534722266975181,0.23918075333120536,-0.07138129629296429,-0.036768104130030545,-0.8081736636926946,0.8621229522529498,-0.03165332739541592,0.021172377719606526,-0.4709568529667426,0.8357161043404976,0.0016281208923981162,-0.049468411093838274,-0.06885307015507566,0.11882475742650916,0.02801902017274802,-0.009360367189135917,-0.22917176772423062,0.06993150751869673,0.03695164558843511,0.020307379098751892,-0.10068277230207424,0.09140895239893738,-0.014017793541112784,-0.04975016784664173,-0.07580746272093877,0.05038720916087669,0.11478706697018518,0.0017577829241545331,-0.15810835728956993,0.09209981705024733,0.044524198923281376,0.057191907582211814,-0.20579124786758896,0.05807502157643118,0.1215583000335262,-0.10942706584575107,-0.44242568435531476,0.33246491836201697,-0.021777283154207443,0.07753578827128117,-0.8491358359580669,0.8636648214218936,-0.00012310496871523823,0.02896084690446416,-0.6864089243908201,0.7272884011096128,-0.17242712162603274,-0.05483063656526055,-0.06384891576857016,0.046306940126476244,0.05256070182314181,-0.08098967473251507,-0.18624617175344166,0.16485626752515553,-0.07412864667216469,0.022921049713465595,-0.04949484732131129,0.05850563463812088,-0.029762970963732593,-0.027166764661311724,-0.04665882196357224,0.03817097187939629,0.0298328605699731,-0.0068236639659137064,-0.18483963026702588,0.1695783670210724,-0.010178023208821819,0.07104664928758639,-0.1608181326605317,0.24697816430542557,0.044151721511599205
